image_width: 1280
image_height: 960
camera_name: skycam
camera_matrix:
  rows: 3
  cols: 3
  data: [1010.121893, 0, 644.136366, 0, 1011.616039, 470.867007, 0, 0, 1]
distortion_model: plumb_bob
distortion_coefficients:
  rows: 1
  cols: 5
  data: [0.157751, -0.273965, -0.005305, -0.000331, 0]
rectification_matrix:
  rows: 3
  cols: 3
  data: [1, 0, 0, 0, 1, 0, 0, 0, 1]
projection_matrix:
  rows: 3
  cols: 4
  data: [1030.925049, 0, 643.9228450000001, 0, 0, 1034.554321, 466.976374, 0, 0, 0, 1, 0]
